{
 "cells": [
  {
   "cell_type": "markdown",
   "metadata": {},
   "source": [
    "# Języki skryptowe w analizie danych - `Statsmodels`, `seaborn` i `Prophet`\n",
    "###### dr inż. Marcin Lawnik, mgr inż. Arkadiusz Banasik"
   ]
  },
  {
   "cell_type": "markdown",
   "metadata": {},
   "source": [
    "**Wytyczne:**\n",
    "1. Samochody\n",
    "    + Ze strony\n",
    "\n",
    "     [https://archive.ics.uci.edu/ml/machine-learning-databases/autos/](https://archive.ics.uci.edu/ml/machine-learning-databases/autos/)\n",
    "\n",
    "        pobierz dane (plik `data` zawiera dane, plik `names` nazwy kolumn), które zestawiają dane na temat różnych modeli samochodów (można wykozrystać metodę `read_csv()` z pakietu `pandas`).\n",
    "\n",
    "    + Przygotuj dane do dalszej analizy, tzn. nazwij kolumny, pousuwaj `NaN`y, zamień w razie potrzeby typ kolumn na numeryczny (metoda `to_numeric()`), zamień wartość danych (metoda `replace()`) itp.\n",
    "    + Sprawdź czy istnieje relacja pomiędzy wybranymi zmiennymi (np. `price` z `highway-mpg`).\n",
    "    + Znajdź modele opisujące wybrane zależności.\n",
    "1. Inflacja\n",
    "    + Ze strony\n",
    "    \n",
    "    [https://pl.wikipedia.org/wiki/Ludno%C5%9B%C4%87_Polski](https://pl.wikipedia.org/wiki/Ludno%C5%9B%C4%87_Polski)\n",
    "    \n",
    "    pobierz tabelę z danymi `Po II wojnie światowej`.\n",
    "    + Sprawdź, czy jest korelacja liniowa pomiędzy wybranymi kolumnami, np. `Populacja (w tys., stan na 31.12.)` z `Urodzenia żywe`. Sprawdź w taki sposób co najmniej dwie zależności.\n",
    "\n",
    "1. `Prophet`\n",
    " + Dla dowolnie pobranych danych przeprowadzać prognozę za pomocą biblioteki `Prophet`\n",
    " \n",
    "**Uwaga**\n",
    "\n",
    "Na Platformę Zdalnej Edukacji należy wysłać rozwiązanie co najmniej 1 zestawu. Wysyłamy pliki *ipynb* i *html*."
   ]
  },
  {
   "cell_type": "code",
   "execution_count": 1,
   "metadata": {},
   "outputs": [
    {
     "data": {
      "text/html": [
       "<div>\n",
       "<style scoped>\n",
       "    .dataframe tbody tr th:only-of-type {\n",
       "        vertical-align: middle;\n",
       "    }\n",
       "\n",
       "    .dataframe tbody tr th {\n",
       "        vertical-align: top;\n",
       "    }\n",
       "\n",
       "    .dataframe thead th {\n",
       "        text-align: right;\n",
       "    }\n",
       "</style>\n",
       "<table border=\"1\" class=\"dataframe\">\n",
       "  <thead>\n",
       "    <tr style=\"text-align: right;\">\n",
       "      <th></th>\n",
       "      <th>symboling</th>\n",
       "      <th>normalized-losses</th>\n",
       "      <th>wheel-base</th>\n",
       "      <th>length</th>\n",
       "      <th>width</th>\n",
       "      <th>height</th>\n",
       "      <th>curb-weight</th>\n",
       "      <th>engine-size</th>\n",
       "      <th>bore</th>\n",
       "      <th>stroke</th>\n",
       "      <th>compression-ratio</th>\n",
       "      <th>horsepower</th>\n",
       "      <th>peak-rpm</th>\n",
       "      <th>city-mpg</th>\n",
       "      <th>highway-mpg</th>\n",
       "      <th>price</th>\n",
       "    </tr>\n",
       "  </thead>\n",
       "  <tbody>\n",
       "    <tr>\n",
       "      <th>symboling</th>\n",
       "      <td>1.000000</td>\n",
       "      <td>0.518344</td>\n",
       "      <td>-0.520591</td>\n",
       "      <td>-0.336257</td>\n",
       "      <td>-0.219186</td>\n",
       "      <td>-0.475185</td>\n",
       "      <td>-0.251880</td>\n",
       "      <td>-0.109453</td>\n",
       "      <td>-0.256469</td>\n",
       "      <td>-0.021285</td>\n",
       "      <td>-0.138316</td>\n",
       "      <td>-0.003949</td>\n",
       "      <td>0.199106</td>\n",
       "      <td>0.089550</td>\n",
       "      <td>0.149830</td>\n",
       "      <td>-0.162794</td>\n",
       "    </tr>\n",
       "    <tr>\n",
       "      <th>normalized-losses</th>\n",
       "      <td>0.518344</td>\n",
       "      <td>1.000000</td>\n",
       "      <td>-0.060086</td>\n",
       "      <td>0.035541</td>\n",
       "      <td>0.109726</td>\n",
       "      <td>-0.413702</td>\n",
       "      <td>0.125858</td>\n",
       "      <td>0.207820</td>\n",
       "      <td>-0.031558</td>\n",
       "      <td>0.063330</td>\n",
       "      <td>-0.127259</td>\n",
       "      <td>0.290511</td>\n",
       "      <td>0.237697</td>\n",
       "      <td>-0.235523</td>\n",
       "      <td>-0.188564</td>\n",
       "      <td>0.202761</td>\n",
       "    </tr>\n",
       "    <tr>\n",
       "      <th>wheel-base</th>\n",
       "      <td>-0.520591</td>\n",
       "      <td>-0.060086</td>\n",
       "      <td>1.000000</td>\n",
       "      <td>0.871534</td>\n",
       "      <td>0.814991</td>\n",
       "      <td>0.555767</td>\n",
       "      <td>0.810181</td>\n",
       "      <td>0.649206</td>\n",
       "      <td>0.578159</td>\n",
       "      <td>0.167449</td>\n",
       "      <td>0.291431</td>\n",
       "      <td>0.516948</td>\n",
       "      <td>-0.289234</td>\n",
       "      <td>-0.580657</td>\n",
       "      <td>-0.611750</td>\n",
       "      <td>0.734419</td>\n",
       "    </tr>\n",
       "    <tr>\n",
       "      <th>length</th>\n",
       "      <td>-0.336257</td>\n",
       "      <td>0.035541</td>\n",
       "      <td>0.871534</td>\n",
       "      <td>1.000000</td>\n",
       "      <td>0.838338</td>\n",
       "      <td>0.499251</td>\n",
       "      <td>0.871291</td>\n",
       "      <td>0.725953</td>\n",
       "      <td>0.646318</td>\n",
       "      <td>0.121073</td>\n",
       "      <td>0.184814</td>\n",
       "      <td>0.672063</td>\n",
       "      <td>-0.234074</td>\n",
       "      <td>-0.724544</td>\n",
       "      <td>-0.724599</td>\n",
       "      <td>0.760952</td>\n",
       "    </tr>\n",
       "    <tr>\n",
       "      <th>width</th>\n",
       "      <td>-0.219186</td>\n",
       "      <td>0.109726</td>\n",
       "      <td>0.814991</td>\n",
       "      <td>0.838338</td>\n",
       "      <td>1.000000</td>\n",
       "      <td>0.292706</td>\n",
       "      <td>0.870595</td>\n",
       "      <td>0.779253</td>\n",
       "      <td>0.572554</td>\n",
       "      <td>0.196619</td>\n",
       "      <td>0.258752</td>\n",
       "      <td>0.681872</td>\n",
       "      <td>-0.232216</td>\n",
       "      <td>-0.666684</td>\n",
       "      <td>-0.693339</td>\n",
       "      <td>0.843371</td>\n",
       "    </tr>\n",
       "    <tr>\n",
       "      <th>height</th>\n",
       "      <td>-0.475185</td>\n",
       "      <td>-0.413702</td>\n",
       "      <td>0.555767</td>\n",
       "      <td>0.499251</td>\n",
       "      <td>0.292706</td>\n",
       "      <td>1.000000</td>\n",
       "      <td>0.367052</td>\n",
       "      <td>0.111083</td>\n",
       "      <td>0.254836</td>\n",
       "      <td>-0.091313</td>\n",
       "      <td>0.233308</td>\n",
       "      <td>0.034317</td>\n",
       "      <td>-0.245864</td>\n",
       "      <td>-0.199737</td>\n",
       "      <td>-0.226136</td>\n",
       "      <td>0.244836</td>\n",
       "    </tr>\n",
       "    <tr>\n",
       "      <th>curb-weight</th>\n",
       "      <td>-0.251880</td>\n",
       "      <td>0.125858</td>\n",
       "      <td>0.810181</td>\n",
       "      <td>0.871291</td>\n",
       "      <td>0.870595</td>\n",
       "      <td>0.367052</td>\n",
       "      <td>1.000000</td>\n",
       "      <td>0.888626</td>\n",
       "      <td>0.645792</td>\n",
       "      <td>0.173844</td>\n",
       "      <td>0.224724</td>\n",
       "      <td>0.790095</td>\n",
       "      <td>-0.259988</td>\n",
       "      <td>-0.762155</td>\n",
       "      <td>-0.789338</td>\n",
       "      <td>0.893639</td>\n",
       "    </tr>\n",
       "    <tr>\n",
       "      <th>engine-size</th>\n",
       "      <td>-0.109453</td>\n",
       "      <td>0.207820</td>\n",
       "      <td>0.649206</td>\n",
       "      <td>0.725953</td>\n",
       "      <td>0.779253</td>\n",
       "      <td>0.111083</td>\n",
       "      <td>0.888626</td>\n",
       "      <td>1.000000</td>\n",
       "      <td>0.595737</td>\n",
       "      <td>0.299683</td>\n",
       "      <td>0.141097</td>\n",
       "      <td>0.812073</td>\n",
       "      <td>-0.284686</td>\n",
       "      <td>-0.699139</td>\n",
       "      <td>-0.714095</td>\n",
       "      <td>0.841496</td>\n",
       "    </tr>\n",
       "    <tr>\n",
       "      <th>bore</th>\n",
       "      <td>-0.256469</td>\n",
       "      <td>-0.031558</td>\n",
       "      <td>0.578159</td>\n",
       "      <td>0.646318</td>\n",
       "      <td>0.572554</td>\n",
       "      <td>0.254836</td>\n",
       "      <td>0.645792</td>\n",
       "      <td>0.595737</td>\n",
       "      <td>1.000000</td>\n",
       "      <td>-0.102581</td>\n",
       "      <td>0.015119</td>\n",
       "      <td>0.560239</td>\n",
       "      <td>-0.312269</td>\n",
       "      <td>-0.590440</td>\n",
       "      <td>-0.590850</td>\n",
       "      <td>0.533890</td>\n",
       "    </tr>\n",
       "    <tr>\n",
       "      <th>stroke</th>\n",
       "      <td>-0.021285</td>\n",
       "      <td>0.063330</td>\n",
       "      <td>0.167449</td>\n",
       "      <td>0.121073</td>\n",
       "      <td>0.196619</td>\n",
       "      <td>-0.091313</td>\n",
       "      <td>0.173844</td>\n",
       "      <td>0.299683</td>\n",
       "      <td>-0.102581</td>\n",
       "      <td>1.000000</td>\n",
       "      <td>0.243587</td>\n",
       "      <td>0.148804</td>\n",
       "      <td>-0.011312</td>\n",
       "      <td>-0.020055</td>\n",
       "      <td>-0.012934</td>\n",
       "      <td>0.160664</td>\n",
       "    </tr>\n",
       "    <tr>\n",
       "      <th>compression-ratio</th>\n",
       "      <td>-0.138316</td>\n",
       "      <td>-0.127259</td>\n",
       "      <td>0.291431</td>\n",
       "      <td>0.184814</td>\n",
       "      <td>0.258752</td>\n",
       "      <td>0.233308</td>\n",
       "      <td>0.224724</td>\n",
       "      <td>0.141097</td>\n",
       "      <td>0.015119</td>\n",
       "      <td>0.243587</td>\n",
       "      <td>1.000000</td>\n",
       "      <td>-0.162305</td>\n",
       "      <td>-0.416769</td>\n",
       "      <td>0.278332</td>\n",
       "      <td>0.221483</td>\n",
       "      <td>0.209361</td>\n",
       "    </tr>\n",
       "    <tr>\n",
       "      <th>horsepower</th>\n",
       "      <td>-0.003949</td>\n",
       "      <td>0.290511</td>\n",
       "      <td>0.516948</td>\n",
       "      <td>0.672063</td>\n",
       "      <td>0.681872</td>\n",
       "      <td>0.034317</td>\n",
       "      <td>0.790095</td>\n",
       "      <td>0.812073</td>\n",
       "      <td>0.560239</td>\n",
       "      <td>0.148804</td>\n",
       "      <td>-0.162305</td>\n",
       "      <td>1.000000</td>\n",
       "      <td>0.074057</td>\n",
       "      <td>-0.837214</td>\n",
       "      <td>-0.827941</td>\n",
       "      <td>0.759874</td>\n",
       "    </tr>\n",
       "    <tr>\n",
       "      <th>peak-rpm</th>\n",
       "      <td>0.199106</td>\n",
       "      <td>0.237697</td>\n",
       "      <td>-0.289234</td>\n",
       "      <td>-0.234074</td>\n",
       "      <td>-0.232216</td>\n",
       "      <td>-0.245864</td>\n",
       "      <td>-0.259988</td>\n",
       "      <td>-0.284686</td>\n",
       "      <td>-0.312269</td>\n",
       "      <td>-0.011312</td>\n",
       "      <td>-0.416769</td>\n",
       "      <td>0.074057</td>\n",
       "      <td>1.000000</td>\n",
       "      <td>-0.052929</td>\n",
       "      <td>-0.032777</td>\n",
       "      <td>-0.171916</td>\n",
       "    </tr>\n",
       "    <tr>\n",
       "      <th>city-mpg</th>\n",
       "      <td>0.089550</td>\n",
       "      <td>-0.235523</td>\n",
       "      <td>-0.580657</td>\n",
       "      <td>-0.724544</td>\n",
       "      <td>-0.666684</td>\n",
       "      <td>-0.199737</td>\n",
       "      <td>-0.762155</td>\n",
       "      <td>-0.699139</td>\n",
       "      <td>-0.590440</td>\n",
       "      <td>-0.020055</td>\n",
       "      <td>0.278332</td>\n",
       "      <td>-0.837214</td>\n",
       "      <td>-0.052929</td>\n",
       "      <td>1.000000</td>\n",
       "      <td>0.971999</td>\n",
       "      <td>-0.692273</td>\n",
       "    </tr>\n",
       "    <tr>\n",
       "      <th>highway-mpg</th>\n",
       "      <td>0.149830</td>\n",
       "      <td>-0.188564</td>\n",
       "      <td>-0.611750</td>\n",
       "      <td>-0.724599</td>\n",
       "      <td>-0.693339</td>\n",
       "      <td>-0.226136</td>\n",
       "      <td>-0.789338</td>\n",
       "      <td>-0.714095</td>\n",
       "      <td>-0.590850</td>\n",
       "      <td>-0.012934</td>\n",
       "      <td>0.221483</td>\n",
       "      <td>-0.827941</td>\n",
       "      <td>-0.032777</td>\n",
       "      <td>0.971999</td>\n",
       "      <td>1.000000</td>\n",
       "      <td>-0.720090</td>\n",
       "    </tr>\n",
       "    <tr>\n",
       "      <th>price</th>\n",
       "      <td>-0.162794</td>\n",
       "      <td>0.202761</td>\n",
       "      <td>0.734419</td>\n",
       "      <td>0.760952</td>\n",
       "      <td>0.843371</td>\n",
       "      <td>0.244836</td>\n",
       "      <td>0.893639</td>\n",
       "      <td>0.841496</td>\n",
       "      <td>0.533890</td>\n",
       "      <td>0.160664</td>\n",
       "      <td>0.209361</td>\n",
       "      <td>0.759874</td>\n",
       "      <td>-0.171916</td>\n",
       "      <td>-0.692273</td>\n",
       "      <td>-0.720090</td>\n",
       "      <td>1.000000</td>\n",
       "    </tr>\n",
       "  </tbody>\n",
       "</table>\n",
       "</div>"
      ],
      "text/plain": [
       "                   symboling  normalized-losses  wheel-base    length  \\\n",
       "symboling           1.000000           0.518344   -0.520591 -0.336257   \n",
       "normalized-losses   0.518344           1.000000   -0.060086  0.035541   \n",
       "wheel-base         -0.520591          -0.060086    1.000000  0.871534   \n",
       "length             -0.336257           0.035541    0.871534  1.000000   \n",
       "width              -0.219186           0.109726    0.814991  0.838338   \n",
       "height             -0.475185          -0.413702    0.555767  0.499251   \n",
       "curb-weight        -0.251880           0.125858    0.810181  0.871291   \n",
       "engine-size        -0.109453           0.207820    0.649206  0.725953   \n",
       "bore               -0.256469          -0.031558    0.578159  0.646318   \n",
       "stroke             -0.021285           0.063330    0.167449  0.121073   \n",
       "compression-ratio  -0.138316          -0.127259    0.291431  0.184814   \n",
       "horsepower         -0.003949           0.290511    0.516948  0.672063   \n",
       "peak-rpm            0.199106           0.237697   -0.289234 -0.234074   \n",
       "city-mpg            0.089550          -0.235523   -0.580657 -0.724544   \n",
       "highway-mpg         0.149830          -0.188564   -0.611750 -0.724599   \n",
       "price              -0.162794           0.202761    0.734419  0.760952   \n",
       "\n",
       "                      width    height  curb-weight  engine-size      bore  \\\n",
       "symboling         -0.219186 -0.475185    -0.251880    -0.109453 -0.256469   \n",
       "normalized-losses  0.109726 -0.413702     0.125858     0.207820 -0.031558   \n",
       "wheel-base         0.814991  0.555767     0.810181     0.649206  0.578159   \n",
       "length             0.838338  0.499251     0.871291     0.725953  0.646318   \n",
       "width              1.000000  0.292706     0.870595     0.779253  0.572554   \n",
       "height             0.292706  1.000000     0.367052     0.111083  0.254836   \n",
       "curb-weight        0.870595  0.367052     1.000000     0.888626  0.645792   \n",
       "engine-size        0.779253  0.111083     0.888626     1.000000  0.595737   \n",
       "bore               0.572554  0.254836     0.645792     0.595737  1.000000   \n",
       "stroke             0.196619 -0.091313     0.173844     0.299683 -0.102581   \n",
       "compression-ratio  0.258752  0.233308     0.224724     0.141097  0.015119   \n",
       "horsepower         0.681872  0.034317     0.790095     0.812073  0.560239   \n",
       "peak-rpm          -0.232216 -0.245864    -0.259988    -0.284686 -0.312269   \n",
       "city-mpg          -0.666684 -0.199737    -0.762155    -0.699139 -0.590440   \n",
       "highway-mpg       -0.693339 -0.226136    -0.789338    -0.714095 -0.590850   \n",
       "price              0.843371  0.244836     0.893639     0.841496  0.533890   \n",
       "\n",
       "                     stroke  compression-ratio  horsepower  peak-rpm  \\\n",
       "symboling         -0.021285          -0.138316   -0.003949  0.199106   \n",
       "normalized-losses  0.063330          -0.127259    0.290511  0.237697   \n",
       "wheel-base         0.167449           0.291431    0.516948 -0.289234   \n",
       "length             0.121073           0.184814    0.672063 -0.234074   \n",
       "width              0.196619           0.258752    0.681872 -0.232216   \n",
       "height            -0.091313           0.233308    0.034317 -0.245864   \n",
       "curb-weight        0.173844           0.224724    0.790095 -0.259988   \n",
       "engine-size        0.299683           0.141097    0.812073 -0.284686   \n",
       "bore              -0.102581           0.015119    0.560239 -0.312269   \n",
       "stroke             1.000000           0.243587    0.148804 -0.011312   \n",
       "compression-ratio  0.243587           1.000000   -0.162305 -0.416769   \n",
       "horsepower         0.148804          -0.162305    1.000000  0.074057   \n",
       "peak-rpm          -0.011312          -0.416769    0.074057  1.000000   \n",
       "city-mpg          -0.020055           0.278332   -0.837214 -0.052929   \n",
       "highway-mpg       -0.012934           0.221483   -0.827941 -0.032777   \n",
       "price              0.160664           0.209361    0.759874 -0.171916   \n",
       "\n",
       "                   city-mpg  highway-mpg     price  \n",
       "symboling          0.089550     0.149830 -0.162794  \n",
       "normalized-losses -0.235523    -0.188564  0.202761  \n",
       "wheel-base        -0.580657    -0.611750  0.734419  \n",
       "length            -0.724544    -0.724599  0.760952  \n",
       "width             -0.666684    -0.693339  0.843371  \n",
       "height            -0.199737    -0.226136  0.244836  \n",
       "curb-weight       -0.762155    -0.789338  0.893639  \n",
       "engine-size       -0.699139    -0.714095  0.841496  \n",
       "bore              -0.590440    -0.590850  0.533890  \n",
       "stroke            -0.020055    -0.012934  0.160664  \n",
       "compression-ratio  0.278332     0.221483  0.209361  \n",
       "horsepower        -0.837214    -0.827941  0.759874  \n",
       "peak-rpm          -0.052929    -0.032777 -0.171916  \n",
       "city-mpg           1.000000     0.971999 -0.692273  \n",
       "highway-mpg        0.971999     1.000000 -0.720090  \n",
       "price             -0.692273    -0.720090  1.000000  "
      ]
     },
     "execution_count": 1,
     "metadata": {},
     "output_type": "execute_result"
    }
   ],
   "source": [
    "import pandas as pd\n",
    "import numpy as np\n",
    "\n",
    "cols = ['symboling', 'normalized-losses', 'make', 'fuel-type', 'aspiration', 'num-of-doors', 'body-style', 'drive-wheels', 'engine-location', 'wheel-base', 'length', 'width', 'height', 'curb-weight', 'engine-type', 'num-of-cylinders', 'engine-size', 'fuel-system', 'bore', 'stroke', 'compression-ratio', 'horsepower', 'peak-rpm', 'city-mpg', 'highway-mpg', 'price']\n",
    "\n",
    "df = pd.read_csv('https://archive.ics.uci.edu/ml/machine-learning-databases/autos/imports-85.data', names=cols, index_col=False)\n",
    "\n",
    "for index, row in df.iterrows():\n",
    "    for col in cols:\n",
    "        if df.loc[index, col] == '?':\n",
    "            df.loc[index, col] = None\n",
    "            \n",
    "df = df.dropna()\n",
    "df\n",
    "\n",
    "cols_to_num = ['normalized-losses', 'bore', 'stroke', 'compression-ratio', 'horsepower', 'peak-rpm', 'city-mpg', 'highway-mpg', 'price']\n",
    "for col in cols_to_num:\n",
    "    df[col] = pd.to_numeric(df[col])\n",
    "    \n",
    "df.corr()"
   ]
  }
 ],
 "metadata": {
  "kernelspec": {
   "display_name": "Python 3",
   "language": "python",
   "name": "python3"
  },
  "language_info": {
   "codemirror_mode": {
    "name": "ipython",
    "version": 3
   },
   "file_extension": ".py",
   "mimetype": "text/x-python",
   "name": "python",
   "nbconvert_exporter": "python",
   "pygments_lexer": "ipython3",
   "version": "3.7.6"
  }
 },
 "nbformat": 4,
 "nbformat_minor": 2
}
